0.260
0.152
0.070
0.220
0.136
0.064
0.218
0.141
0.059
0.223
0.140
0.066
0.202
0.146
0.047
0.221
0.136
0.064
0.213
0.147
0.047
0.211
0.142
0.058
0.262
0.176
0.059
0.233
0.162
0.055
0.268
0.174
0.064
0.227
0.141
0.061
0.314
0.155
0.059
0.215
0.143
0.058
0.253
0.133
0.064
0.229
0.153
0.059
0.362
0.137
0.060
0.203
0.139
0.058
0.311
0.135
0.059
0.287
0.151
0.056
0.242
0.156
0.056
0.257
0.135
0.069
0.238
0.166
0.054
0.209
0.144
0.054
0.821
0.151
0.044
0.214
0.135
0.064
0.311
0.128
0.073
0.215
0.139
0.056
0.210
0.143
0.057
0.985
0.141
0.053
0.232
0.154
0.059
0.387
0.138
0.058
0.236
0.130
0.076
0.252
0.142
0.058
0.197
0.145
0.047
0.211
0.138
0.057
0.275
0.170
0.066
0.209
0.153
0.052
0.296
0.136
0.067
3.192
0.166
0.051
0.312
0.138
0.055
0.200
0.147
0.049
0.446
0.135
0.056
0.504
0.181
0.089
0.320
0.139
0.056
0.198
0.136
0.058
0.205
0.140
0.058
0.258
0.177
0.058
0.227
0.139
0.068
0.228
0.126
0.070
0.222
0.148
0.054
0.377
0.174
0.087
0.232
0.131
0.066
0.260
0.183
0.048
0.266
0.165
0.066
1.862
0.131
0.067
0.356
0.140
0.051
6.606
0.139
0.054
0.418
0.158
0.102
0.227
0.142
0.057
0.235
0.130
0.070
0.259
0.151
0.051
0.240
0.157
0.055
0.238
0.139
0.060
0.224
0.164
0.055
0.210
0.141
0.059
0.254
0.156
0.055
0.227
0.128
0.068
0.273
0.133
0.075
0.208
0.143
0.050
0.239
0.169
0.053
0.204
0.142
0.055
0.219
0.151
0.048
0.210
0.142
0.057
0.214
0.145
0.059
0.217
0.146
0.054
0.214
0.141
0.057
0.250
0.136
0.069
0.208
0.148
0.051
0.261
0.136
0.066
0.218
0.140
0.060
0.204
0.142
0.053
0.239
0.129
0.073
0.227
0.146
0.050
0.249
0.172
0.047
0.253
0.136
0.063
0.211
0.145
0.055
0.228
0.158
0.036
0.217
0.138
0.061
0.203
0.129
0.066
0.237
0.142
0.059
0.200
0.146
0.053
0.222
0.147
0.060
0.263
0.157
0.061
0.212
0.133
0.064
0.238
0.162
0.060
0.348
0.169
0.068
0.220
0.142
0.059
0.221
0.134
0.063
0.231
0.152
0.056
