0.166
0.082
0.063
0.147
0.091
0.049
0.226
0.134
0.045
0.206
0.115
0.059
0.165
0.090
0.054
0.173
0.085
0.053
0.228
0.101
0.065
0.164
0.086
0.052
0.872
0.080
0.056
0.156
0.081
0.058
0.167
0.087
0.051
0.164
0.082
0.059
0.192
0.081
0.061
0.250
0.087
0.057
0.173
0.087
0.064
0.295
0.098
0.070
0.193
0.075
0.068
0.209
0.076
0.065
0.251
0.122
0.066
0.147
0.082
0.057
0.194
0.089
0.062
0.380
0.079
0.056
0.152
0.087
0.057
0.258
0.084
0.061
0.151
0.078
0.062
0.248
0.077
0.067
0.152
0.076
0.064
0.153
0.078
0.061
0.171
0.091
0.052
0.150
0.092
0.050
0.185
0.082
0.062
0.165
0.084
0.064
0.157
0.084
0.053
0.334
0.110
0.051
0.213
0.085
0.070
0.146
0.079
0.059
0.148
0.081
0.058
0.152
0.087
0.050
0.148
0.089
0.051
0.155
0.092
0.050
0.159
0.093
0.054
0.213
0.083
0.065
0.719
0.099
0.057
0.203
0.100
0.064
0.208
0.075
0.072
0.412
0.124
0.056
0.153
0.079
0.056
0.185
0.088
0.050
0.157
0.080
0.064
0.139
0.080
0.056
0.237
0.138
0.051
0.142
0.075
0.060
0.250
0.085
0.048
0.181
0.074
0.070
0.598
0.071
0.062
0.164
0.080
0.064
0.616
0.073
0.058
0.343
0.123
0.065
0.167
0.105
0.050
0.264
0.073
0.076
0.212
0.081
0.065
0.197
0.104
0.048
0.159
0.102
0.043
0.161
0.083
0.059
0.156
0.078
0.063
0.157
0.084
0.061
0.185
0.098
0.054
0.241
0.077
0.070
0.181
0.101
0.066
0.156
0.087
0.052
0.183
0.087
0.055
0.233
0.084
0.060
0.255
0.072
0.085
0.163
0.089
0.058
0.174
0.092
0.056
0.200
0.113
0.046
0.443
0.130
0.069
0.182
0.089
0.058
0.221
0.084
0.058
0.182
0.088
0.058
0.172
0.085
0.062
0.204
0.123
0.057
0.154
0.094
0.051
0.152
0.090
0.054
0.165
0.095
0.050
0.168
0.092
0.056
0.171
0.096
0.049
0.165
0.101
0.052
0.242
0.109
0.056
0.156
0.085
0.054
0.145
0.089
0.053
0.160
0.094
0.049
0.165
0.083
0.060
0.197
0.082
0.063
0.143
0.091
0.048
0.328
0.125
0.074
0.185
0.090
0.061
0.163
0.079
0.067
0.170
0.079
0.064
0.236
0.090
0.057
