0.058
0.004
0.028
0.091
0.003
0.031
0.036
0.000
0.031
0.048
0.006
0.028
0.037
0.004
0.027
0.031
0.005
0.022
0.038
0.000
0.034
0.063
0.000
0.033
0.071
0.006
0.029
0.045
0.004
0.029
0.047
0.008
0.026
0.041
0.007
0.026
0.056
0.008
0.026
0.060
0.000
0.028
0.076
0.006
0.030
0.040
0.004
0.029
0.049
0.000
0.032
0.047
0.000
0.034
0.066
0.004
0.029
0.036
0.000
0.031
0.041
0.000
0.032
0.055
0.004
0.030
0.037
0.005
0.023
0.041
0.000
0.031
0.065
0.003
0.031
0.049
0.004
0.030
0.073
0.000
0.035
0.046
0.000
0.033
0.064
0.003
0.029
0.063
0.000
0.032
0.035
0.004
0.028
0.035
0.007
0.024
0.034
0.000
0.032
0.116
0.004
0.032
0.098
0.000
0.032
0.072
0.002
0.032
0.044
0.008
0.022
0.070
0.000
0.033
0.073
0.000
0.034
0.073
0.000
0.035
0.034
0.000
0.029
0.040
0.007
0.023
0.151
0.000
0.036
0.044
0.000
0.032
0.072
0.000
0.034
0.038
0.000
0.032
5.468
0.000
0.026
0.044
0.000
0.034
0.050
0.000
0.031
0.041
0.007
0.025
0.042
0.000
0.034
0.077
0.000
0.034
0.064
0.006
0.026
0.034
0.000
0.027
0.052
0.000
0.032
0.055
0.006
0.027
0.071
0.007
0.026
0.120
0.006
0.026
0.137
0.005
0.031
0.084
0.000
0.034
0.149
0.000
0.036
0.040
0.000
0.030
0.067
0.003
0.029
0.089
0.004
0.028
0.108
0.004
0.027
0.109
0.002
0.033
0.048
0.000
0.030
0.078
0.003
0.032
0.306
0.009
0.021
0.049
0.007
0.026
0.097
0.004
0.031
0.040
0.000
0.033
0.039
0.007
0.024
0.126
0.004
0.031
0.048
0.004
0.029
0.071
0.003
0.029
0.058
0.005
0.026
0.036
0.004
0.028
0.055
0.000
0.033
0.056
0.003
0.030
0.076
0.005
0.031
0.040
0.003
0.026
0.055
0.000
0.031
0.044
0.003
0.025
0.102
0.000
0.035
0.075
0.006
0.030
0.075
0.004
0.028
0.037
0.000
0.030
0.040
0.004
0.029
0.049
0.000
0.032
0.062
0.004
0.031
0.072
0.004
0.029
0.040
0.000
0.031
0.100
0.005
0.029
0.073
0.003
0.032
0.035
0.005
0.026
0.072
0.004
0.030
0.050
0.006
0.027
0.043
0.005
0.029
0.050
0.011
0.022
