0.095
0.004
0.029
0.044
0.000
0.030
0.050
0.007
0.026
0.047
0.004
0.030
0.042
0.000
0.032
0.040
0.004
0.024
0.041
0.010
0.019
0.044
0.004
0.029
0.097
0.003
0.031
0.037
0.005
0.028
0.047
0.003
0.030
0.275
0.009
0.017
0.077
0.003
0.031
0.042
0.000
0.031
0.101
0.007
0.028
0.052
0.000
0.033
0.037
0.004
0.028
0.044
0.000
0.031
0.074
0.006
0.026
0.046
0.004
0.025
0.912
0.004
0.022
0.077
0.000
0.035
0.036
0.013
0.016
0.041
0.004
0.028
0.083
0.006
0.027
0.039
0.003
0.024
0.060
0.004
0.030
0.073
0.000
0.031
0.074
0.002
0.029
0.069
0.000
0.025
0.078
0.006
0.028
0.044
0.006
0.026
0.038
0.004
0.030
0.065
0.006
0.022
0.102
0.003
0.031
0.062
0.000
0.033
0.039
0.000
0.031
0.080
0.000
0.036
0.079
0.000
0.033
0.064
0.006
0.028
0.047
0.000
0.033
0.197
0.010
0.017
0.126
0.003
0.033
0.043
0.006
0.024
0.064
0.000
0.033
0.225
0.000
0.025
0.072
0.000
0.033
0.076
0.000
0.035
0.708
0.010
0.015
0.072
0.004
0.022
0.037
0.004
0.030
0.040
0.000
0.031
0.038
0.004
0.027
0.044
0.000
0.028
0.045
0.003
0.029
0.046
0.003
0.028
1.516
0.000
0.033
0.199
0.000
0.032
0.082
0.005
0.028
0.069
0.004
0.031
0.040
0.000
0.031
0.036
0.004
0.026
0.091
0.006
0.028
0.087
0.000
0.034
0.096
0.005
0.028
0.072
0.006
0.028
0.065
0.006
0.028
0.091
0.005
0.031
0.066
0.011
0.021
0.044
0.004
0.025
0.077
0.003
0.031
0.179
0.005
0.023
0.037
0.000
0.029
0.115
0.004
0.032
0.046
0.003
0.029
0.076
0.004
0.030
0.060
0.003
0.028
0.035
0.000
0.030
0.061
0.000
0.033
0.062
0.004
0.030
0.068
0.006
0.028
0.115
0.000
0.025
0.054
0.000
0.033
0.040
0.006
0.019
0.041
0.003
0.027
0.049
0.005
0.028
0.083
0.003
0.031
0.045
0.007
0.025
0.067
0.003
0.031
0.044
0.007
0.026
0.078
0.000
0.035
0.078
0.006
0.028
0.063
0.000
0.034
0.059
0.004
0.030
0.051
0.000
0.032
0.052
0.000
0.032
0.072
0.005
0.028
0.056
0.005
0.028
0.034
0.000
0.027
0.064
0.003
0.029
