0.070
0.023
0.030
0.062
0.022
0.029
0.079
0.017
0.034
0.076
0.016
0.037
0.058
0.022
0.026
0.095
0.016
0.035
0.052
0.020
0.024
0.050
0.024
0.024
0.095
0.019
0.033
0.070
0.020
0.033
0.071
0.019
0.032
0.153
0.035
0.035
0.093
0.030
0.030
0.074
0.019
0.031
0.994
0.032
0.011
0.081
0.016
0.036
0.053
0.020
0.032
0.057
0.016
0.035
0.061
0.020
0.028
0.059
0.020
0.032
0.056
0.027
0.026
0.047
0.017
0.030
0.078
0.024
0.031
0.059
0.023
0.030
0.055
0.019
0.031
0.078
0.016
0.034
0.054
0.022
0.027
0.053
0.019
0.030
0.087
0.022
0.032
0.487
0.028
0.020
0.111
0.039
0.031
0.065
0.018
0.032
0.056
0.021
0.028
0.078
0.017
0.034
0.088
0.025
0.037
0.117
0.026
0.033
0.063
0.017
0.034
0.069
0.026
0.026
0.054
0.020
0.027
0.052
0.022
0.026
0.063
0.020
0.031
0.062
0.024
0.027
0.270
0.019
0.026
0.211
0.018
0.025
0.143
0.013
0.037
0.054
0.021
0.028
0.054
0.021
0.029
0.139
0.027
0.018
0.062
0.018
0.033
0.073
0.027
0.027
0.081
0.032
0.021
0.113
0.035
0.035
0.060
0.021
0.030
0.078
0.016
0.036
0.049
0.020
0.028
0.319
0.023
0.023
0.089
0.027
0.034
0.111
0.039
0.031
0.063
0.026
0.022
0.058
0.016
0.035
0.060
0.026
0.026
0.104
0.021
0.031
0.105
0.025
0.039
0.066
0.018
0.032
0.053
0.022
0.026
0.065
0.019
0.034
0.077
0.032
0.028
0.182
0.020
0.024
0.243
0.039
0.023
0.051
0.017
0.033
0.053
0.020
0.031
0.044
0.016
0.027
0.218
0.034
0.023
0.143
0.028
0.040
0.152
0.035
0.029
0.062
0.021
0.030
0.063
0.022
0.029
0.097
0.031
0.030
0.078
0.016
0.035
0.097
0.019
0.037
0.059
0.020
0.030
0.153
0.034
0.037
0.093
0.028
0.031
0.141
0.031
0.039
0.068
0.024
0.028
0.084
0.039
0.030
0.078
0.041
0.022
0.060
0.015
0.034
0.062
0.019
0.031
0.071
0.016
0.034
0.108
0.034
0.034
0.077
0.030
0.021
0.092
0.017
0.037
0.063
0.023
0.028
0.101
0.040
0.029
0.106
0.040
0.029
0.112
0.033
0.036
0.070
0.022
0.029
0.051
0.020
0.031
0.096
0.019
0.037
