0.074
0.044
0.028
0.116
0.042
0.035
0.075
0.045
0.026
0.078
0.047
0.027
0.082
0.048
0.024
0.103
0.056
0.034
0.075
0.051
0.023
0.791
0.044
0.027
0.271
0.042
0.027
0.134
0.047
0.038
0.170
0.055
0.032
0.079
0.048
0.026
0.100
0.048
0.031
0.155
0.065
0.038
0.089
0.047
0.031
0.114
0.048
0.030
0.081
0.050
0.025
0.076
0.046
0.029
0.081
0.046
0.030
0.085
0.047
0.025
0.336
0.045
0.034
0.341
0.046
0.025
0.094
0.046
0.031
0.115
0.038
0.039
0.077
0.048
0.026
0.076
0.043
0.031
0.682
0.051
0.030
0.088
0.061
0.015
0.095
0.043
0.033
0.078
0.045
0.030
0.114
0.054
0.023
0.094
0.052
0.024
0.091
0.050
0.028
0.107
0.045
0.032
0.159
0.033
0.045
0.125
0.046
0.039
0.103
0.048
0.032
0.409
0.047
0.027
0.081
0.050
0.023
0.077
0.052
0.024
0.075
0.046
0.027
0.526
0.036
0.033
0.249
0.045
0.024
0.137
0.044
0.034
0.080
0.046
0.027
0.089
0.046
0.031
0.083
0.050
0.027
2.000
0.044
0.025
0.086
0.036
0.040
0.380
0.043
0.023
0.096
0.044
0.032
0.139
0.043
0.048
0.086
0.043
0.031
0.077
0.048
0.028
0.075
0.047
0.027
0.123
0.043
0.022
0.073
0.044
0.028
0.092
0.054
0.024
0.156
0.062
0.034
0.089
0.045
0.030
0.084
0.040
0.037
0.089
0.048
0.029
0.117
0.084
0.008
0.075
0.047
0.026
0.099
0.043
0.035
0.095
0.042
0.035
0.092
0.054
0.025
0.082
0.052
0.022
0.348
0.042
0.031
0.091
0.054
0.027
0.088
0.046
0.028
0.126
0.046
0.038
0.082
0.043
0.031
0.078
0.039
0.035
0.087
0.047
0.025
0.084
0.050
0.027
0.085
0.046
0.027
0.087
0.045
0.033
0.099
0.055
0.023
0.086
0.049
0.030
0.081
0.045
0.030
0.115
0.046
0.033
0.088
0.044
0.029
0.089
0.041
0.033
0.179
0.046
0.042
0.104
0.045
0.030
0.131
0.042
0.041
0.092
0.045
0.033
0.160
0.071
0.032
0.087
0.042
0.035
0.089
0.051
0.024
0.123
0.061
0.027
0.076
0.047
0.027
0.088
0.045
0.030
0.084
0.046
0.031
0.125
0.061
0.032
0.122
0.061
0.034
0.140
0.058
0.031
0.141
0.058
0.031
0.141
0.052
0.028
