0.068
0.025
0.029
0.072
0.027
0.027
0.066
0.019
0.034
0.059
0.023
0.030
0.060
0.017
0.033
0.059
0.018
0.035
0.350
0.020
0.028
0.056
0.017
0.035
0.067
0.022
0.029
0.082
0.021
0.038
0.063
0.021
0.029
0.108
0.032
0.025
0.102
0.015
0.039
0.065
0.021
0.033
0.066
0.014
0.037
0.049
0.021
0.028
0.063
0.028
0.025
0.052
0.024
0.024
0.056
0.023
0.030
0.054
0.023
0.027
0.050
0.027
0.022
0.060
0.022
0.030
0.052
0.028
0.023
0.056
0.019
0.033
0.131
0.035
0.031
0.068
0.020
0.032
0.064
0.021
0.031
0.071
0.022
0.030
0.090
0.021
0.033
0.107
0.034
0.031
0.074
0.030
0.030
0.069
0.020
0.036
0.051
0.020
0.031
0.054
0.023
0.027
0.089
0.018
0.039
0.086
0.033
0.029
0.082
0.025
0.031
0.067
0.026
0.026
0.047
0.025
0.021
0.086
0.022
0.033
0.055
0.023
0.026
0.050
0.024
0.024
0.167
0.032
0.037
0.074
0.020
0.034
0.112
0.022
0.032
0.116
0.018
0.035
0.065
0.022
0.029
0.058
0.018
0.035
0.060
0.039
0.011
0.049
0.020
0.028
0.071
0.037
0.016
0.105
0.020
0.046
0.061
0.022
0.029
0.075
0.016
0.039
0.073
0.017
0.035
0.058
0.024
0.028
0.065
0.021
0.033
0.162
0.031
0.039
0.080
0.026
0.026
0.070
0.030
0.030
0.074
0.011
0.044
0.092
0.029
0.029
0.123
0.030
0.037
0.129
0.031
0.038
0.053
0.024
0.028
0.064
0.021
0.031
0.061
0.021
0.029
0.056
0.022
0.030
0.055
0.021
0.029
0.083
0.035
0.027
0.137
0.028
0.020
0.186
0.023
0.028
0.079
0.022
0.033
0.175
0.028
0.040
0.183
0.030
0.041
0.061
0.026
0.025
0.092
0.023
0.032
0.102
0.024
0.031
0.072
0.019
0.034
0.196
0.031
0.038
0.067
0.027
0.027
0.084
0.030
0.033
0.083
0.026
0.029
0.175
0.044
0.025
0.078
0.022
0.032
0.066
0.023
0.026
0.079
0.022
0.029
0.073
0.022
0.032
0.065
0.023
0.030
0.060
0.021
0.031
0.079
0.027
0.039
0.059
0.016
0.035
0.068
0.023
0.030
0.071
0.024
0.028
0.058
0.022
0.029
0.080
0.020
0.035
0.096
0.029
0.035
0.092
0.020
0.034
0.057
0.034
0.017
0.068
0.018
0.037
