0.127
0.007
0.042
0.089
0.004
0.062
0.086
0.000
0.060
0.084
0.000
0.062
0.075
0.004
0.055
0.109
0.004
0.062
0.096
0.000
0.063
0.095
0.004
0.060
0.094
0.005
0.057
0.366
0.000
0.058
0.153
0.007
0.061
0.076
0.007
0.054
0.086
0.010
0.051
0.143
0.000
0.067
0.093
0.004
0.056
0.086
0.006
0.057
0.094
0.000
0.062
0.101
0.004
0.059
0.130
0.010
0.053
0.107
0.007
0.058
0.064
0.008
0.054
0.068
0.004
0.055
0.101
0.004
0.051
0.145
0.007
0.058
0.154
0.003
0.059
0.165
0.000
0.058
0.154
0.000
0.062
0.075
0.000
0.058
0.106
0.005
0.057
0.117
0.010
0.054
0.099
0.006
0.058
0.103
0.011
0.053
0.075
0.008
0.051
0.130
0.004
0.063
0.149
0.003
0.059
0.087
0.007
0.054
0.085
0.004
0.057
0.128
0.000
0.067
0.063
0.000
0.057
0.091
0.003
0.059
0.090
0.004
0.058
0.155
0.000
0.065
0.156
0.005
0.061
0.110
0.000
0.063
0.070
0.004
0.059
0.162
0.007
0.060
0.116
0.008
0.054
0.177
0.010
0.059
0.073
0.007
0.057
0.079
0.000
0.066
0.116
0.003
0.053
0.073
0.014
0.048
0.088
0.010
0.052
0.083
0.011
0.050
0.085
0.000
0.061
0.083
0.007
0.058
0.069
0.008
0.053
0.200
0.003
0.064
0.147
0.003
0.063
0.106
0.004
0.056
0.104
0.004
0.060
0.152
0.006
0.056
0.116
0.006
0.053
0.083
0.000
0.062
0.078
0.000
0.061
0.079
0.014
0.049
0.158
0.000
0.066
0.166
0.000
0.067
0.084
0.008
0.056
0.265
0.005
0.053
0.097
0.003
0.059
0.077
0.008
0.052
0.096
0.004
0.053
0.239
0.005
0.063
0.095
0.009
0.053
0.121
0.007
0.057
0.115
0.003
0.062
0.079
0.000
0.063
0.103
0.008
0.054
0.113
0.004
0.061
0.097
0.006
0.055
0.064
0.000
0.058
0.104
0.006
0.055
0.090
0.004
0.058
0.137
0.003
0.065
0.081
0.014
0.048
0.146
0.016
0.052
0.079
0.008
0.048
0.102
0.004
0.060
0.089
0.011
0.049
0.106
0.008
0.056
0.166
0.003
0.064
0.127
0.004
0.057
0.117
0.011
0.056
0.084
0.007
0.052
0.086
0.000
0.059
0.139
0.005
0.060
0.093
0.005
0.051
0.091
0.004
0.057
0.090
0.010
0.052
