0.316
0.173
0.063
0.315
0.210
0.062
0.278
0.184
0.054
0.246
0.188
0.048
0.257
0.184
0.058
0.263
0.176
0.069
0.271
0.173
0.055
0.348
0.238
0.051
0.264
0.176
0.056
0.268
0.174
0.064
0.246
0.166
0.068
0.282
0.193
0.052
0.249
0.179
0.054
0.271
0.192
0.064
0.322
0.200
0.060
0.254
0.183
0.056
0.256
0.176
0.059
0.253
0.183
0.058
0.255
0.175
0.064
0.294
0.157
0.073
0.236
0.182
0.051
0.229
0.180
0.048
0.857
0.178
0.051
0.265
0.178
0.058
0.260
0.181
0.056
0.256
0.175
0.060
0.332
0.234
0.042
0.247
0.185
0.052
0.289
0.173
0.065
0.277
0.197
0.053
0.257
0.179
0.054
0.240
0.185
0.049
0.240
0.177
0.059
0.304
0.170
0.072
0.280
0.187
0.062
0.321
0.214
0.051
0.243
0.185
0.051
0.264
0.174
0.063
0.234
0.176
0.056
0.290
0.170
0.070
0.255
0.177
0.059
0.239
0.180
0.052
0.339
0.151
0.093
0.349
0.201
0.069
0.297
0.172
0.071
0.249
0.175
0.060
0.255
0.175
0.058
0.297
0.186
0.064
0.260
0.161
0.067
0.249
0.174
0.063
0.257
0.183
0.053
0.359
0.190
0.072
0.307
0.209
0.062
0.251
0.170
0.062
0.239
0.173
0.055
0.270
0.190
0.062
6.006
0.247
0.063
0.256
0.178
0.060
0.484
0.216
0.081
0.253
0.186
0.055
0.292
0.164
0.076
0.276
0.196
0.053
0.303
0.180
0.066
0.243
0.170
0.060
0.282
0.173
0.063
0.295
0.173
0.068
0.243
0.185
0.049
0.257
0.166
0.058
0.244
0.179
0.056
0.293
0.177
0.065
0.294
0.198
0.056
0.306
0.173
0.049
0.281
0.180
0.060
0.297
0.169
0.079
0.264
0.177
0.067
0.273
0.182
0.055
0.258
0.171
0.068
0.256
0.177
0.059
0.244
0.176
0.057
0.379
0.187
0.062
0.255
0.169
0.060
0.450
0.245
0.067
0.246
0.181
0.054
0.241
0.176
0.060
0.245
0.166
0.067
0.263
0.177
0.060
0.265
0.187
0.056
0.366
0.279
0.050
0.302
0.214
0.055
0.258
0.180
0.059
0.245
0.183
0.057
0.269
0.183
0.056
0.243
0.178
0.054
0.271
0.170
0.066
0.255
0.164
0.068
0.254
0.187
0.051
0.397
0.191
0.090
0.354
0.193
0.060
0.287
0.190
0.067
0.269
0.177
0.063
