0.070
0.022
0.030
0.058
0.022
0.026
0.075
0.029
0.033
0.068
0.024
0.028
0.077
0.016
0.035
0.084
0.019
0.037
0.053
0.021
0.028
0.084
0.028
0.028
0.064
0.021
0.027
0.049
0.024
0.024
0.080
0.020
0.030
0.057
0.020
0.028
0.133
0.033
0.033
0.064
0.016
0.035
0.054
0.020
0.027
0.056
0.021
0.026
0.925
0.019
0.024
0.092
0.016
0.036
0.051
0.016
0.031
0.207
0.015
0.027
0.088
0.035
0.031
0.060
0.023
0.027
0.058
0.032
0.016
0.050
0.023
0.026
0.081
0.014
0.038
0.065
0.014
0.039
0.059
0.022
0.026
0.070
0.033
0.024
0.117
0.037
0.033
0.077
0.015
0.030
0.090
0.018
0.035
0.173
0.023
0.026
0.076
0.032
0.032
0.593
0.016
0.031
0.075
0.029
0.025
0.210
0.016
0.027
0.062
0.015
0.034
0.051
0.023
0.027
0.059
0.020
0.030
0.059
0.018
0.032
0.889
0.022
0.022
0.050
0.036
0.012
0.084
0.028
0.032
0.054
0.018
0.032
0.076
0.020
0.029
0.066
0.018
0.031
0.056
0.012
0.037
0.048
0.024
0.023
0.093
0.037
0.033
0.098
0.014
0.028
0.171
0.038
0.031
0.151
0.033
0.033
0.067
0.021
0.028
0.058
0.017
0.033
0.080
0.019
0.032
0.052
0.014
0.028
0.093
0.015
0.036
0.119
0.040
0.029
0.086
0.024
0.034
0.082
0.034
0.030
0.066
0.018
0.036
0.081
0.013
0.040
0.069
0.023
0.027
0.055
0.022
0.030
0.088
0.032
0.022
0.064
0.020
0.033
0.095
0.031
0.039
0.054
0.016
0.034
0.105
0.030
0.033
0.397
0.021
0.021
0.052
0.023
0.026
0.062
0.023
0.031
0.084
0.023
0.030
0.158
0.035
0.035
0.145
0.037
0.024
0.058
0.016
0.035
0.050
0.024
0.024
0.088
0.015
0.037
0.071
0.026
0.026
0.073
0.021
0.034
0.073
0.020
0.032
0.102
0.017
0.037
0.147
0.021
0.037
0.084
0.016
0.035
0.092
0.032
0.035
0.123
0.016
0.038
0.099
0.024
0.028
0.060
0.016
0.033
0.059
0.025
0.025
0.089
0.018
0.035
0.110
0.025
0.042
0.112
0.034
0.035
0.131
0.026
0.026
0.070
0.029
0.029
0.107
0.026
0.031
0.091
0.018
0.035
0.139
0.033
0.037
0.068
0.023
0.028
0.055
0.025
0.024
0.066
0.022
0.030
