0.080
0.006
0.027
0.052
0.004
0.029
0.049
0.004
0.029
0.050
0.003
0.030
0.038
0.000
0.031
0.059
0.000
0.031
0.103
0.000
0.034
0.102
0.008
0.027
0.065
0.007
0.026
0.048
0.004
0.028
0.134
0.004
0.021
0.038
0.007
0.025
0.041
0.000
0.028
0.047
0.008
0.025
0.054
0.004
0.029
0.041
0.004
0.029
0.050
0.000
0.033
0.091
0.006
0.019
0.047
0.007
0.025
0.075
0.003
0.032
0.033
0.000
0.031
0.040
0.005
0.025
0.051
0.003
0.031
0.039
0.000
0.031
0.051
0.008
0.025
0.412
0.000
0.027
0.074
0.000
0.035
0.037
0.005
0.027
0.054
0.009
0.024
0.301
0.007
0.024
0.040
0.000
0.030
0.043
0.004
0.028
0.045
0.000
0.032
0.096
0.000
0.034
0.034
0.000
0.029
0.094
0.000
0.034
0.050
0.000
0.033
0.118
0.008
0.027
1.856
0.004
0.021
0.057
0.003
0.030
0.041
0.000
0.032
0.057
0.000
0.034
0.117
0.002
0.034
0.043
0.000
0.027
0.045
0.006
0.026
0.037
0.004
0.027
0.076
0.003
0.032
0.037
0.004
0.027
0.089
0.004
0.030
0.036
0.000
0.031
0.714
0.000
0.026
0.061
0.008
0.027
0.036
0.004
0.025
0.060
0.004
0.029
0.049
0.005
0.029
0.036
0.003
0.028
0.064
0.007
0.026
0.034
0.000
0.030
0.118
0.005
0.029
0.055
0.000
0.032
0.075
0.003
0.029
0.036
0.000
0.029
0.065
0.000
0.034
0.047
0.000
0.031
0.071
0.000
0.030
0.066
0.004
0.030
0.037
0.000
0.031
0.061
0.000
0.033
0.041
0.000
0.027
0.037
0.000
0.031
0.124
0.000
0.035
0.048
0.003
0.028
0.035
0.004
0.026
0.061
0.004
0.030
0.039
0.000
0.031
0.042
0.000
0.030
0.065
0.000
0.033
0.044
0.007
0.023
0.047
0.010
0.022
0.074
0.011
0.024
0.035
0.005
0.026
0.051
0.004
0.028
0.038
0.004
0.025
0.051
0.006
0.027
0.075
0.003
0.032
0.046
0.003
0.029
0.038
0.004
0.028
0.062
0.000
0.033
0.041
0.004
0.027
0.035
0.004
0.024
0.036
0.012
0.020
0.093
0.011
0.024
0.034
0.007
0.024
0.074
0.000
0.033
0.045
0.006
0.027
0.038
0.004
0.027
0.071
0.000
0.033
0.062
0.003
0.028
0.042
0.004
0.030
0.042
0.000
0.028
