0.119
0.006
0.045
0.092
0.004
0.060
0.088
0.007
0.058
0.071
0.004
0.052
0.098
0.012
0.053
0.099
0.000
0.063
0.092
0.012
0.055
0.084
0.009
0.057
0.075
0.008
0.056
0.113
0.004
0.055
0.107
0.008
0.056
0.089
0.007
0.055
0.114
0.004
0.063
0.131
0.000
0.067
0.067
0.004
0.057
0.106
0.004
0.062
0.083
0.007
0.055
0.105
0.000
0.063
0.154
0.008
0.060
0.085
0.000
0.059
0.148
0.008
0.051
0.160
0.008
0.053
0.125
0.010
0.053
0.099
0.000
0.065
0.163
0.003
0.064
0.070
0.004
0.057
0.074
0.004
0.062
0.088
0.007
0.050
0.299
0.000
0.059
0.192
0.007
0.064
0.076
0.007
0.056
0.142
0.010
0.057
0.383
0.004
0.057
0.107
0.007
0.054
0.242
0.005
0.052
0.263
0.007
0.052
0.110
0.010
0.056
0.107
0.007
0.052
0.230
0.000
0.057
0.079
0.004
0.056
0.129
0.007
0.060
0.110
0.009
0.052
0.161
0.016
0.051
0.117
0.007
0.060
0.948
0.004
0.056
0.086
0.013
0.050
0.117
0.000
0.065
0.063
0.008
0.049
0.205
0.008
0.049
0.077
0.007
0.050
0.088
0.010
0.054
0.104
0.006
0.060
0.313
0.009
0.058
0.088
0.011
0.049
0.085
0.008
0.056
0.092
0.007
0.058
0.094
0.007
0.058
0.235
0.009
0.059
0.148
0.005
0.063
0.109
0.003
0.062
0.167
0.007
0.060
0.176
0.006
0.056
0.147
0.005
0.064
0.096
0.007
0.057
0.088
0.008
0.056
0.098
0.013
0.052
0.108
0.004
0.055
0.097
0.000
0.062
0.172
0.006
0.060
0.089
0.004
0.061
0.073
0.004
0.056
0.172
0.014
0.045
0.083
0.018
0.042
0.227
0.009
0.060
0.137
0.003
0.061
0.109
0.007
0.053
0.083
0.021
0.042
0.157
0.004
0.051
0.101
0.003
0.057
0.116
0.009
0.057
0.082
0.013
0.047
0.088
0.013
0.051
0.151
0.004
0.065
0.101
0.006
0.056
0.148
0.006
0.063
0.091
0.004
0.055
0.114
0.004
0.061
0.184
0.010
0.059
0.195
0.012
0.057
0.081
0.008
0.050
0.090
0.011
0.055
0.142
0.004
0.064
0.101
0.009
0.046
0.098
0.007
0.058
0.083
0.007
0.054
0.136
0.006
0.058
0.197
0.007
0.061
0.084
0.015
0.044
0.111
0.003
0.059
0.092
0.000
0.062
