0.099
0.000
0.062
0.097
0.004
0.057
0.073
0.004
0.054
0.075
0.008
0.051
0.066
0.004
0.055
0.141
0.006
0.058
0.066
0.008
0.051
0.098
0.004
0.061
0.130
0.007
0.058
0.098
0.000
0.060
0.084
0.004
0.060
0.088
0.004
0.060
0.089
0.004
0.058
0.072
0.007
0.050
0.070
0.000
0.059
0.084
0.016
0.045
0.077
0.007
0.058
0.099
0.003
0.059
0.096
0.004
0.057
0.110
0.003
0.058
0.094
0.004
0.057
0.077
0.013
0.047
0.072
0.007
0.051
0.140
0.003
0.062
0.074
0.012
0.048
0.088
0.004
0.058
0.073
0.009
0.056
0.064
0.004
0.056
0.079
0.000
0.062
0.092
0.011
0.053
0.139
0.000
0.064
0.069
0.005
0.052
0.120
0.004
0.059
0.083
0.009
0.051
0.131
0.000
0.061
0.150
0.005
0.058
0.161
0.010
0.056
0.086
0.004
0.060
0.103
0.006
0.058
0.062
0.007
0.051
0.061
0.008
0.048
0.149
0.014
0.050
0.092
0.003
0.061
0.378
0.003
0.064
0.150
0.003
0.061
0.358
0.000
0.055
0.067
0.000
0.060
0.096
0.007
0.059
0.076
0.004
0.057
0.066
0.008
0.051
0.071
0.007
0.054
0.142
0.000
0.064
0.081
0.000
0.059
0.069
0.004
0.057
0.071
0.004
0.057
0.090
0.000
0.064
0.076
0.000
0.057
0.068
0.008
0.055
0.125
0.000
0.065
0.075
0.013
0.046
0.124
0.003
0.061
0.108
0.009
0.051
0.109
0.007
0.038
0.091
0.012
0.049
0.169
0.007
0.059
0.101
0.006
0.054
0.076
0.004
0.058
0.098
0.004
0.059
0.076
0.004
0.056
0.232
0.000
0.057
0.367
0.008
0.051
0.082
0.000
0.059
0.079
0.010
0.053
0.137
0.010
0.056
0.124
0.003
0.061
0.096
0.000
0.060
0.084
0.011
0.047
0.104
0.007
0.057
0.070
0.007
0.051
0.126
0.000
0.064
0.088
0.007
0.051
0.077
0.003
0.055
0.167
0.006
0.058
0.084
0.005
0.057
0.129
0.003
0.061
0.074
0.005
0.055
0.120
0.000
0.063
0.156
0.004
0.059
0.122
0.004
0.056
0.073
0.007
0.052
0.064
0.000
0.057
0.095
0.006
0.058
0.104
0.004
0.059
0.098
0.011
0.052
0.133
0.000
0.065
0.134
0.006
0.045
0.138
0.004
0.061
0.091
0.003
0.060
0.103
0.006
0.056
0.255
0.006
0.059
