0.252
0.084
0.076
0.203
0.070
0.063
0.147
0.076
0.060
0.151
0.076
0.060
0.158
0.069
0.068
0.135
0.082
0.045
0.183
0.071
0.064
0.174
0.073
0.057
0.146
0.078
0.057
0.151
0.085
0.051
0.147
0.074
0.059
0.190
0.072
0.063
0.707
0.069
0.058
0.162
0.083
0.055
0.166
0.095
0.047
0.199
0.080
0.053
0.161
0.076
0.062
0.257
0.074
0.051
0.169
0.077
0.059
0.169
0.095
0.055
0.145
0.072
0.060
0.136
0.071
0.059
0.154
0.073
0.065
0.136
0.076
0.053
0.143
0.073
0.056
0.148
0.078
0.052
0.163
0.086
0.053
0.142
0.069
0.061
0.170
0.072
0.061
0.626
0.094
0.055
0.270
0.069
0.057
0.134
0.073
0.057
0.146
0.082
0.049
0.130
0.068
0.059
0.131
0.082
0.047
0.253
0.083
0.057
0.176
0.085
0.056
0.159
0.073
0.065
3.028
0.074
0.049
0.393
0.083
0.060
0.189
0.077
0.061
0.378
0.064
0.060
0.365
0.130
0.081
0.134
0.078
0.047
0.170
0.084
0.048
2.943
0.096
0.052
0.137
0.088
0.048
0.154
0.088
0.054
0.131
0.080
0.048
0.139
0.078
0.054
0.210
0.088
0.066
0.210
0.118
0.063
0.145
0.091
0.047
0.157
0.079
0.052
0.139
0.077
0.046
0.133
0.076
0.052
0.202
0.117
0.065
0.283
0.143
0.064
0.192
0.079
0.064
0.169
0.080
0.062
0.230
0.101
0.076
0.146
0.083
0.049
0.210
0.115
0.069
0.153
0.067
0.060
0.140
0.073
0.058
0.151
0.070
0.062
0.161
0.082
0.058
0.165
0.068
0.064
0.129
0.084
0.035
0.181
0.107
0.041
0.229
0.071
0.067
0.139
0.073
0.057
0.197
0.093
0.055
0.438
0.133
0.070
0.411
0.113
0.095
0.146
0.081
0.050
0.187
0.104
0.067
0.296
0.121
0.065
0.143
0.070
0.059
0.144
0.068
0.064
0.202
0.115
0.063
0.168
0.073
0.066
0.155
0.088
0.046
0.159
0.069
0.062
0.144
0.086
0.047
0.167
0.068
0.065
0.151
0.087
0.055
0.144
0.076
0.056
0.194
0.071
0.057
0.171
0.077
0.051
0.182
0.107
0.053
0.189
0.065
0.066
0.138
0.076
0.057
0.145
0.086
0.047
0.146
0.072
0.060
0.145
0.078
0.056
0.180
0.095
0.063
0.165
0.083
0.064
0.165
0.080
0.058
0.186
0.121
0.048
