0.076
0.047
0.021
0.081
0.033
0.032
0.063
0.034
0.026
0.065
0.031
0.031
0.076
0.037
0.023
0.106
0.033
0.036
0.106
0.048
0.028
0.068
0.035
0.027
0.114
0.031
0.038
0.084
0.036
0.029
0.079
0.036
0.029
0.085
0.032
0.038
0.096
0.045
0.029
0.127
0.043
0.042
0.067
0.037
0.028
0.067
0.035
0.027
0.089
0.033
0.033
0.083
0.033
0.033
0.087
0.042
0.028
0.102
0.038
0.037
0.074
0.032
0.032
0.069
0.034
0.030
0.167
0.044
0.036
0.104
0.039
0.032
0.145
0.054
0.028
0.090
0.040
0.032
0.143
0.040
0.035
0.071
0.038
0.026
0.072
0.036
0.028
0.071
0.035
0.030
0.074
0.036
0.032
0.064
0.034
0.030
0.094
0.031
0.035
0.073
0.030
0.034
5.349
0.047
0.034
0.076
0.031
0.034
0.121
0.037
0.042
0.068
0.037
0.026
8.041
0.046
0.021
0.737
0.045
0.038
0.082
0.041
0.028
0.072
0.036
0.028
0.075
0.028
0.038
0.085
0.044
0.024
0.076
0.033
0.032
0.066
0.029
0.036
0.176
0.045
0.034
0.061
0.032
0.028
0.078
0.039
0.025
0.084
0.037
0.028
0.076
0.039
0.030
0.177
0.045
0.038
0.088
0.042
0.030
0.173
0.036
0.032
0.080
0.037
0.029
0.161
0.045
0.037
0.062
0.033
0.029
0.069
0.043
0.017
0.120
0.029
0.038
0.076
0.035
0.032
0.110
0.027
0.042
0.091
0.032
0.036
0.127
0.028
0.047
0.078
0.032
0.035
0.085
0.038
0.034
0.092
0.050
0.029
0.100
0.034
0.037
0.079
0.048
0.020
0.074
0.035
0.031
0.074
0.038
0.025
0.079
0.037
0.033
0.098
0.053
0.028
0.081
0.030
0.034
0.098
0.033
0.036
0.070
0.037
0.026
0.090
0.032
0.035
0.085
0.031
0.031
0.095
0.049
0.022
0.078
0.037
0.029
0.069
0.032
0.032
0.084
0.027
0.040
0.083
0.030
0.033
0.073
0.035
0.031
0.072
0.042
0.027
0.127
0.035
0.041
0.077
0.046
0.021
0.171
0.043
0.039
0.077
0.035
0.027
0.100
0.058
0.018
0.102
0.031
0.038
0.079
0.040
0.026
0.065
0.033
0.029
0.106
0.027
0.042
0.077
0.036
0.027
0.069
0.038
0.027
0.067
0.036
0.018
0.212
0.045
0.038
0.088
0.039
0.031
0.073
0.036
0.028
0.102
0.029
0.041
