0.155
0.089
0.058
0.230
0.105
0.062
0.262
0.072
0.068
0.291
0.136
0.062
0.153
0.081
0.054
0.281
0.069
0.059
0.150
0.073
0.059
0.140
0.093
0.040
0.139
0.066
0.066
0.143
0.068
0.060
0.835
0.078
0.051
0.148
0.069
0.061
0.146
0.085
0.053
0.204
0.108
0.057
0.259
0.081
0.077
0.147
0.076
0.058
0.168
0.075
0.067
0.190
0.075
0.064
0.183
0.133
0.024
0.153
0.068
0.065
0.193
0.115
0.059
0.193
0.067
0.067
0.228
0.121
0.052
0.401
0.069
0.058
0.147
0.086
0.050
0.158
0.087
0.053
0.160
0.084
0.046
0.847
0.129
0.052
0.148
0.063
0.063
0.187
0.099
0.059
0.167
0.063
0.070
0.143
0.081
0.051
0.545
0.068
0.057
0.147
0.079
0.054
0.182
0.103
0.064
0.195
0.069
0.069
0.167
0.080
0.055
0.145
0.091
0.045
0.170
0.065
0.070
0.174
0.086
0.058
0.253
0.100
0.066
0.250
0.131
0.047
0.208
0.126
0.050
0.160
0.081
0.058
0.138
0.079
0.051
0.165
0.068
0.065
0.141
0.073
0.057
0.146
0.073
0.058
0.168
0.096
0.050
0.157
0.086
0.054
0.174
0.090
0.062
0.198
0.075
0.067
0.123
0.074
0.047
0.344
0.071
0.055
0.226
0.095
0.054
0.133
0.076
0.056
0.134
0.073
0.057
0.168
0.081
0.066
0.202
0.090
0.055
0.147
0.073
0.057
0.170
0.081
0.059
0.177
0.085
0.057
0.136
0.090
0.045
0.147
0.080
0.054
0.145
0.066
0.065
0.180
0.106
0.057
0.196
0.071
0.071
0.197
0.069
0.069
0.297
0.104
0.077
0.156
0.072
0.057
0.166
0.102
0.045
0.164
0.087
0.058
0.146
0.077
0.053
0.190
0.085
0.055
0.340
0.128
0.082
0.182
0.081
0.055
0.238
0.074
0.068
0.195
0.069
0.065
0.188
0.118
0.063
0.173
0.098
0.053
0.161
0.080
0.060
0.186
0.089
0.056
0.161
0.094
0.041
0.139
0.087
0.049
0.151
0.085
0.050
0.149
0.090
0.051
0.193
0.064
0.073
0.142
0.076
0.059
0.184
0.098
0.055
0.148
0.061
0.069
0.151
0.083
0.052
0.201
0.083
0.062
0.146
0.090
0.047
0.186
0.103
0.050
0.144
0.073
0.057
0.418
0.109
0.086
0.211
0.074
0.059
0.173
0.084
0.057
0.172
0.089
0.044
0.156
0.082
0.056
