0.119
0.003
0.054
0.084
0.007
0.059
0.153
0.006
0.056
0.095
0.013
0.045
0.096
0.009
0.054
0.137
0.003
0.061
0.095
0.004
0.059
0.359
0.016
0.047
0.094
0.004
0.060
0.122
0.007
0.056
0.087
0.000
0.063
0.078
0.000
0.062
0.198
0.009
0.053
0.091
0.007
0.055
0.068
0.004
0.058
0.094
0.004
0.061
0.082
0.000
0.062
0.182
0.013
0.058
0.840
0.000
0.059
0.079
0.004
0.053
0.144
0.004
0.059
0.158
0.009
0.057
0.080
0.003
0.058
0.084
0.014
0.046
0.093
0.010
0.053
0.189
0.004
0.054
0.402
0.010
0.045
0.074
0.004
0.054
0.154
0.012
0.054
0.077
0.000
0.060
0.124
0.007
0.061
0.181
0.005
0.061
0.076
0.004
0.056
0.078
0.008
0.052
0.081
0.010
0.050
0.065
0.004
0.056
0.218
0.006
0.051
0.097
0.008
0.057
1.151
0.016
0.043
0.101
0.007
0.054
0.074
0.011
0.051
2.480
0.008
0.052
0.146
0.000
0.057
0.078
0.011
0.047
0.081
0.008
0.059
0.083
0.000
0.064
0.329
0.004
0.054
0.259
0.007
0.052
0.078
0.013
0.048
0.069
0.008
0.051
0.094
0.004
0.053
0.278
0.004
0.055
0.096
0.007
0.056
0.099
0.004
0.057
0.084
0.003
0.057
0.079
0.010
0.055
0.123
0.009
0.059
0.146
0.006
0.059
0.154
0.011
0.054
0.141
0.007
0.060
0.105
0.003
0.062
0.087
0.007
0.054
0.146
0.008
0.059
0.118
0.003
0.060
0.123
0.013
0.052
0.134
0.000
0.066
0.109
0.004
0.061
1.110
0.004
0.052
0.255
0.012
0.044
0.107
0.011
0.053
0.287
0.000
0.061
0.100
0.008
0.056
0.084
0.007
0.058
0.278
0.009
0.059
0.191
0.006
0.059
0.133
0.006
0.061
0.098
0.004
0.059
0.166
0.000
0.067
0.087
0.008
0.050
0.083
0.003
0.055
0.123
0.017
0.046
0.122
0.011
0.055
0.095
0.006
0.056
0.097
0.004
0.058
0.161
0.007
0.058
0.108
0.008
0.058
0.170
0.009
0.057
0.097
0.004
0.063
0.154
0.004
0.061
0.165
0.017
0.047
0.143
0.010
0.057
0.111
0.007
0.052
0.079
0.004
0.057
0.202
0.000
0.068
0.091
0.007
0.057
0.146
0.013
0.054
0.228
0.008
0.063
0.137
0.007
0.056
0.103
0.005
0.057
0.090
0.018
0.046
