0.045
0.000
0.030
0.049
0.000
0.032
0.033
0.007
0.021
0.056
0.000
0.034
0.057
0.006
0.026
0.048
0.003
0.028
0.040
0.005
0.027
0.036
0.004
0.027
0.037
0.000
0.030
0.035
0.000
0.031
0.104
0.000
0.025
0.081
0.004
0.029
0.045
0.000
0.031
0.087
0.005
0.025
0.061
0.003
0.029
0.046
0.000
0.033
0.075
0.003
0.029
0.042
0.004
0.029
0.048
0.000
0.026
0.050
0.005
0.027
0.041
0.000
0.033
0.045
0.004
0.028
0.039
0.004
0.027
0.343
0.003
0.022
0.098
0.000
0.033
0.052
0.000
0.032
0.081
0.003
0.030
0.528
0.004
0.021
0.033
0.000
0.031
0.069
0.003
0.029
0.059
0.004
0.030
0.074
0.005
0.030
0.039
0.000
0.032
0.048
0.006
0.026
0.064
0.003
0.030
0.036
0.008
0.022
0.045
0.008
0.022
0.036
0.004
0.026
0.075
0.000
0.033
0.083
0.000
0.033
0.046
0.000
0.031
0.065
0.000
0.034
0.077
0.006
0.029
0.039
0.000
0.031
0.039
0.000
0.033
0.095
0.000
0.034
0.045
0.003
0.028
0.034
0.006
0.020
0.245
0.004
0.023
0.040
0.000
0.032
0.419
0.000
0.027
0.190
0.005
0.026
0.075
0.003
0.025
0.032
0.000
0.026
0.039
0.007
0.025
0.075
0.003
0.030
0.067
0.000
0.035
0.037
0.003
0.025
0.043
0.000
0.029
0.061
0.000
0.032
0.041
0.004
0.028
0.110
0.000
0.035
0.052
0.000
0.032
0.048
0.003
0.030
0.075
0.000
0.034
0.099
0.003
0.031
0.039
0.007
0.024
0.055
0.000
0.034
0.040
0.000
0.028
0.037
0.004
0.028
0.065
0.000
0.034
0.036
0.004
0.025
0.042
0.000
0.031
0.045
0.000
0.029
0.039
0.000
0.030
0.046
0.006
0.027
0.040
0.005
0.027
0.061
0.008
0.024
0.049
0.003
0.026
0.091
0.005
0.030
0.067
0.003
0.030
0.052
0.004
0.027
0.053
0.000
0.033
0.054
0.003
0.030
0.055
0.000
0.031
0.051
0.000
0.032
0.049
0.000
0.032
0.036
0.000
0.031
0.062
0.000
0.029
0.071
0.003
0.031
0.037
0.000
0.029
0.038
0.000
0.030
0.060
0.000
0.033
0.044
0.009
0.023
0.046
0.009
0.022
0.070
0.005
0.030
0.116
0.003
0.033
0.050
0.004
0.030
0.032
0.004
0.025
0.061
0.000
0.033
